   1  64   1   0  0.2044415E+02  0.2000000E+04
  CAR 
 liquid Si                               
   0   0   0
   1   1
 256 256 256
 256
  0.1000000E-09
  0.3906250E-11
   1
  0.3000000E-14  0.1093746E-08  0.1093746E-08  0.1093746E-08
  0.2050246E+04  0.2032477E+04
  0.000
  0.000
  0.000
  0.000
  0.000
  0.000
  0.000
  0.000
  0.000
  0.000
  0.000
  0.000
  0.000
  0.000
  0.000
  0.000
  0.000
  0.000
  0.000
  0.000
  0.000
  0.000
  0.000
  0.000
  0.000
  0.000
  0.000
  0.000
  0.000
  0.000
  0.000
  0.000
  0.000
  0.000
  0.000
  0.000
  0.000
  0.000
  0.000
  0.000
  0.000
  0.000
  0.000
  0.000
  0.000
  0.000
  0.000
  0.000
  0.000
  0.000
  0.022
  0.032
  0.083
  0.089
  0.287
  0.914
  1.042
  1.204
  1.570
  2.104
  2.089
  2.097
  2.016
  1.974
  2.064
  1.942
  2.019
  1.660
  1.279
  1.218
  1.201
  0.951
  0.957
  0.821
  0.804
  0.678
  0.593
  0.615
  0.743
  0.738
  0.627
  0.642
  0.664
  0.730
  0.665
  0.755
  0.855
  0.917
  0.893
  0.855
  0.854
  0.849
  0.927
  1.067
  1.124
  1.082
  1.160
  1.289
  1.160
  1.324
  1.239
  1.214
  1.269
  1.287
  1.265
  1.224
  1.213
  1.149
  1.099
  1.164
  1.092
  1.098
  1.170
  1.046
  1.065
  1.023
  0.951
  0.951
  1.004
  1.031
  0.940
  1.061
  1.029
  0.973
  0.981
  0.906
  0.833
  0.887
  0.821
  0.877
  0.860
  0.832
  0.904
  0.925
  0.913
  0.798
  0.861
  0.913
  0.815
  0.846
  0.910
  0.893
  0.979
  1.016
  0.946
  0.950
  0.970
  1.006
  0.993
  0.948
  0.984
  0.954
  0.974
  1.012
  1.082
  1.104
  1.005
  1.056
  1.043
  0.987
  1.077
  1.043
  1.151
  1.127
  1.090
  1.034
  1.007
  0.998
  0.992
  1.033
  0.999
  0.986
  1.015
  1.025
  1.053
  1.006
  0.952
  0.946
  0.963
  0.931
  1.051
  1.027
  1.025
  0.993
  1.014
  0.962
  0.928
  1.017
  1.015
  0.975
  0.943
  0.960
  1.037
  1.070
  1.106
  1.055
  0.998
  1.082
  0.999
  1.062
  1.079
  1.042
  0.978
  1.020
  1.107
  1.024
  1.063
  1.049
  1.070
  1.007
  1.002
  1.040
  0.993
  0.949
  0.981
  0.981
  0.963
  0.940
  0.971
  0.954
  0.933
  0.957
  0.920
  0.959
  0.944
  0.961
  0.963
  0.937
  0.994
  1.014
  0.998
  1.003
  0.993
  0.966
  0.937
  0.939
  0.902
  0.975
  0.930
  0.944
  0.991
  0.957
  0.985
  1.019
  0.967
  1.038
  0.967
  0.997
  0.988
  1.046
  1.034
  1.050
  1.082
  1.046
  1.013
  1.068
