   1   8   1   0  0.2044415E+02  0.2000000E+04
  CAR 
 cd Si                                   
   0   0   0
   1   1
 256 256 256
 256
  0.1000000E-09
  0.3906250E-11
   1
  0.3000000E-14  0.5468728E-09  0.5468728E-09  0.5468728E-09
  0.2712010E+04  0.1999998E+04
  0.000
  0.000
  0.000
  0.000
  0.000
  0.000
  0.000
  0.000
  0.000
  0.000
  0.000
  0.000
  0.000
  0.000
  0.000
  0.000
  0.000
  0.000
  0.000
  0.000
  0.000
  0.000
  0.000
  0.000
  0.000
  0.000
  0.000
  0.000
  0.000
  0.000
  0.000
  0.000
  0.000
  0.000
  0.000
  0.000
  0.000
  0.000
  0.000
  0.000
  0.000
  0.000
  0.000
  0.000
  0.000
  0.000
  0.000
  0.000
  0.000
  0.000
  0.000
  0.000
  0.000
  0.238
  0.919
  1.994
  2.351
  3.371
  3.124
  3.469
  3.356
  1.143
  1.048
  1.297
  1.093
  1.272
  0.772
  0.549
  0.679
  0.989
  0.732
  0.623
  0.692
  0.632
  0.492
  0.479
  0.389
  0.227
  0.185
  0.252
  0.281
  0.103
  0.401
  0.261
  0.319
  0.529
  0.426
  0.386
  0.581
  0.852
  0.555
  0.462
  1.276
  1.041
  1.274
  1.596
  1.319
  1.914
  3.728
  2.458
  1.689
  1.590
  1.386
  1.274
  1.458
  1.267
  1.223
  0.984
  1.063
  1.005
  1.248
  1.299
  0.988
  1.024
  1.457
  2.421
  2.832
  1.812
  1.199
  1.131
  0.783
  0.632
  0.818
  0.432
  0.411
  0.404
  0.569
  0.406
  0.344
  0.339
  0.321
  0.289
  0.272
  0.166
  0.201
  0.223
  0.281
  0.277
  0.202
  0.257
  0.230
  0.227
  0.258
  0.530
  0.545
  0.516
  0.604
  0.648
  0.681
  0.967
  1.135
  1.070
  1.858
  1.081
  0.896
  1.185
  0.919
  0.807
  0.733
  0.644
  0.627
  0.802
  0.689
  0.783
  0.857
  0.797
  0.673
  0.908
  1.186
  1.378
  1.596
  2.382
  1.766
  1.511
  1.255
  0.953
  0.942
  1.025
  1.035
  1.073
  1.319
  1.574
  0.942
  1.142
  1.103
  0.965
  0.791
  0.608
  0.589
  0.500
  0.351
  0.329
  0.344
  0.383
  0.367
  0.452
  0.365
  0.373
  0.404
  0.560
  0.617
  0.734
  0.721
  0.741
  0.756
  0.894
  1.211
  1.828
  1.460
  1.166
  1.047
  0.992
  0.796
  0.763
  0.707
  0.887
  0.825
  0.952
  0.981
  0.944
  1.221
  1.544
  1.029
  0.947
  0.839
  0.886
  0.834
  0.756
  0.880
  1.097
  0.646
  0.560
  0.450
  0.392
  0.517
  0.431
  0.407
  0.375
  0.340
  0.393
  0.405
  0.452
  0.565
  0.595
  0.590
  0.770
  0.880
  0.973
  1.076
  1.630
  0.979
  1.010
  0.938
  0.988
  1.039
  0.930
